v 0 0 0
v 0 0 127
v -28 0 123
v -55 0 114
v -79 0 99
v -99 0 79
v -114 0 55
v -123 0 28
v -127 0 0
v -123 0 -28
v -114 0 -55
v -99 0 -79
v -79 0 -99
v -55 0 -114
v -28 0 -123
v 0 0 -127
v 28 0 -123
v 55 0 -114
v 79 0 -99
v 99 0 -79
v 114 0 -55
v 123 0 -28
v 127 0 0
v 123 0 28
v 114 0 55
v 99 0 79
v 79 0 99
v 55 0 114
v 28 0 123

f 1 2 3
f 1 3 4
f 1 4 5
f 1 5 6
f 1 6 7
f 1 7 8
f 1 8 9
f 1 9 10
f 1 10 11
f 1 11 12
f 1 12 13
f 1 13 14
f 1 14 15
f 1 15 16
f 1 16 17
f 1 17 18
f 1 18 19
f 1 19 20
f 1 20 21
f 1 21 22
f 1 22 23
f 1 23 24
f 1 24 25
f 1 25 26
f 1 26 27
f 1 27 28
f 1 28 29
f 1 29 2
