v 0 0 200
v 0 77 185
v -29 71 185
v -54 54 185
v -71 29 185
v -77 0 185
v -71 -29 185
v -54 -54 185
v -29 -71 185
v 0 -77 185
v 29 -71 185
v 54 -54 185
v 71 -29 185
v 77 0 185
v 71 29 185
v 54 54 185
v 29 71 185
v 0 141 141
v -54 131 141
v -100 100 141
v -131 54 141
v -141 0 141
v -131 -54 141
v -100 -100 141
v -54 -131 141
v 0 -141 141
v 54 -131 141
v 100 -100 141
v 131 -54 141
v 141 0 141
v 131 54 141
v 100 100 141
v 54 131 141
v 0 185 77
v -71 171 77
v -131 131 77
v -171 71 77
v -185 0 77
v -171 -71 77
v -131 -131 77
v -71 -171 77
v 0 -185 77
v 71 -171 77
v 131 -131 77
v 171 -71 77
v 185 0 77
v 171 71 77
v 131 131 77
v 71 171 77
v 0 200 0
v -77 185 0
v -141 141 0
v -185 77 0
v -200 0 0
v -185 -77 0
v -141 -141 0
v -77 -185 0
v 0 -200 0
v 77 -185 0
v 141 -141 0
v 185 -77 0
v 200 0 0
v 185 77 0
v 141 141 0
v 77 185 0
v 0 185 -77
v -71 171 -77
v -131 131 -77
v -171 71 -77
v -185 0 -77
v -171 -71 -77
v -131 -131 -77
v -71 -171 -77
v 0 -185 -77
v 71 -171 -77
v 131 -131 -77
v 171 -71 -77
v 185 0 -77
v 171 71 -77
v 131 131 -77
v 71 171 -77
v 0 141 -141
v -54 131 -141
v -100 100 -141
v -131 54 -141
v -141 0 -141
v -131 -54 -141
v -100 -100 -141
v -54 -131 -141
v 0 -141 -141
v 54 -131 -141
v 100 -100 -141
v 131 -54 -141
v 141 0 -141
v 131 54 -141
v 100 100 -141
v 54 131 -141
v 0 77 -185
v -29 71 -185
v -54 54 -185
v -71 29 -185
v -77 0 -185
v -71 -29 -185
v -54 -54 -185
v -29 -71 -185
v 0 -77 -185
v 29 -71 -185
v 54 -54 -185
v 71 -29 -185
v 77 0 -185
v 71 29 -185
v 54 54 -185
v 29 71 -185
v 0 0 -200
f 1 2 3
f 1 3 4
f 1 4 5
f 1 5 6
f 1 6 7
f 1 7 8
f 1 8 9
f 1 9 10
f 1 10 11
f 1 11 12
f 1 12 13
f 1 13 14
f 1 14 15
f 1 15 16
f 1 16 17
f 1 17 2
f 2 18 19
f 2 19 3
f 3 19 20
f 3 20 4
f 4 20 21
f 4 21 5
f 5 21 22
f 5 22 6
f 6 22 23
f 6 23 7
f 7 23 24
f 7 24 8
f 8 24 25
f 8 25 9
f 9 25 26
f 9 26 10
f 10 26 27
f 10 27 11
f 11 27 28
f 11 28 12
f 12 28 29
f 12 29 13
f 13 29 30
f 13 30 14
f 14 30 31
f 14 31 15
f 15 31 32
f 15 32 16
f 16 32 33
f 16 33 17
f 17 33 18
f 17 18 2
f 18 34 35
f 18 35 19
f 19 35 36
f 19 36 20
f 20 36 37
f 20 37 21
f 21 37 38
f 21 38 22
f 22 38 39
f 22 39 23
f 23 39 40
f 23 40 24
f 24 40 41
f 24 41 25
f 25 41 42
f 25 42 26
f 26 42 43
f 26 43 27
f 27 43 44
f 27 44 28
f 28 44 45
f 28 45 29
f 29 45 46
f 29 46 30
f 30 46 47
f 30 47 31
f 31 47 48
f 31 48 32
f 32 48 49
f 32 49 33
f 33 49 34
f 33 34 18
f 34 50 51
f 34 51 35
f 35 51 52
f 35 52 36
f 36 52 53
f 36 53 37
f 37 53 54
f 37 54 38
f 38 54 55
f 38 55 39
f 39 55 56
f 39 56 40
f 40 56 57
f 40 57 41
f 41 57 58
f 41 58 42
f 42 58 59
f 42 59 43
f 43 59 60
f 43 60 44
f 44 60 61
f 44 61 45
f 45 61 62
f 45 62 46
f 46 62 63
f 46 63 47
f 47 63 64
f 47 64 48
f 48 64 65
f 48 65 49
f 49 65 50
f 49 50 34
f 50 66 67
f 50 67 51
f 51 67 68
f 51 68 52
f 52 68 69
f 52 69 53
f 53 69 70
f 53 70 54
f 54 70 71
f 54 71 55
f 55 71 72
f 55 72 56
f 56 72 73
f 56 73 57
f 57 73 74
f 57 74 58
f 58 74 75
f 58 75 59
f 59 75 76
f 59 76 60
f 60 76 77
f 60 77 61
f 61 77 78
f 61 78 62
f 62 78 79
f 62 79 63
f 63 79 80
f 63 80 64
f 64 80 81
f 64 81 65
f 65 81 66
f 65 66 50
f 66 82 83
f 66 83 67
f 67 83 84
f 67 84 68
f 68 84 85
f 68 85 69
f 69 85 86
f 69 86 70
f 70 86 87
f 70 87 71
f 71 87 88
f 71 88 72
f 72 88 89
f 72 89 73
f 73 89 90
f 73 90 74
f 74 90 91
f 74 91 75
f 75 91 92
f 75 92 76
f 76 92 93
f 76 93 77
f 77 93 94
f 77 94 78
f 78 94 95
f 78 95 79
f 79 95 96
f 79 96 80
f 80 96 97
f 80 97 81
f 81 97 82
f 81 82 66
f 82 98 99
f 82 99 83
f 83 99 100
f 83 100 84
f 84 100 101
f 84 101 85
f 85 101 102
f 85 102 86
f 86 102 103
f 86 103 87
f 87 103 104
f 87 104 88
f 88 104 105
f 88 105 89
f 89 105 106
f 89 106 90
f 90 106 107
f 90 107 91
f 91 107 108
f 91 108 92
f 92 108 109
f 92 109 93
f 93 109 110
f 93 110 94
f 94 110 111
f 94 111 95
f 95 111 112
f 95 112 96
f 96 112 113
f 96 113 97
f 97 113 98
f 97 98 82
f 114 99 98
f 114 100 99
f 114 101 100
f 114 102 101
f 114 103 102
f 114 104 103
f 114 105 104
f 114 106 105
f 114 107 106
f 114 108 107
f 114 109 108
f 114 110 109
f 114 111 110
f 114 112 111
f 114 113 112
f 114 98 113
